Listing for omni2 data from 20240507 to 20240515
Selected parameters:
 1 BZ, nT (GSM)
 2 SW Plasma Temperature, K
 3 SW Proton Density, N/cm^3
 4 SW Plasma Speed, km/s
 5 Flow pressure

YEAR DOY HR    1        2     3     4     5 
2024 128  0  -0.0  156154.   3.9  529.  2.14
2024 128  1   1.1  136447.   3.6  507.  1.79
2024 128  2   1.0  123839.   3.7  529.  1.96
2024 128  3   0.8  132534.   3.7  538.  2.02
2024 128  4   3.5  167914.   3.1  531.  1.69
2024 128  5   1.3  164252.   2.4  510.  1.20
2024 128  6   1.9  153261.   2.9  524.  1.52
2024 128  7   0.9  145778.   2.9  525.  1.50
2024 128  8   2.7  142645.   3.0  534.  1.60
2024 128  9   2.0  121423.   2.4  512.  1.19
2024 128 10  -1.1  110317.   2.2  515.  1.10
2024 128 11  -0.3  115456.   2.2  515.  1.10
2024 128 12   0.9  136101.   2.6  520.  1.31
2024 128 13   2.7  119749.   2.5  511.  1.23
2024 128 14   0.5  122229.   2.3  508.  1.12
2024 128 15   0.5   97210.   2.2  497.  1.04
2024 128 16  -0.5  115559.   2.5  509.  1.26
2024 128 17   0.2  161798.   2.9  516.  1.49
2024 128 18   2.1  105393.   2.6  519.  1.36
2024 128 19   0.5  106260.   2.6  518.  1.35
2024 128 20   0.4  140055.   2.7  536.  1.53
2024 128 21  -0.5  142191.   2.8  528.  1.52
2024 128 22   0.1  141865.   2.5  504.  1.28
2024 128 23   2.1  127890.   2.5  493.  1.23
2024 129  0   2.3   95932.   2.7  522.  1.48
2024 129  1   2.1   96089.   2.6  516.  1.42
2024 129  2  -0.5   99291.   2.8  494.  1.41
2024 129  3  -0.7   96699.   2.7  487.  1.33
2024 129  4   0.8   94724.   2.7  487.  1.31
2024 129  5   0.4   98652.   2.7  479.  1.29
2024 129  6   1.5   95562.   2.7  474.  1.26
2024 129  7   0.7   97393.   2.8  478.  1.31
2024 129  8   1.2   84410.   2.7  478.  1.24
2024 129  9  -0.3   85434.   2.6  491.  1.26
2024 129 10   0.7   85691.   2.6  484.  1.23
2024 129 11   0.4   85729.   2.7  462.  1.17
2024 129 12   0.5   83049.   2.7  471.  1.20
2024 129 13  -0.5   80844.   2.7  459.  1.16
2024 129 14   1.7   81534.   2.8  468.  1.22
2024 129 15   2.3   78871.   3.0  469.  1.30
2024 129 16   0.1   56944.   2.7  478.  1.20
2024 129 17   1.1   52534.   2.7  473.  1.15
2024 129 18   1.7   57336.   2.8  468.  1.18
2024 129 19   1.1   54554.   2.8  469.  1.18
2024 129 20   1.7   66426.   2.9  460.  1.21
2024 129 21   1.5   68395.   2.8  458.  1.17
2024 129 22   0.7   78139.   2.8  457.  1.19
2024 129 23   1.7   80757.   2.9  459.  1.24
2024 130  0   0.8   86849.   3.0  462.  1.31
2024 130  1   0.4   83620.   3.0  460.  1.30
2024 130  2  -0.0   86361.   3.0  460.  1.29
2024 130  3  -1.5   84383.   3.0  460.  1.28
2024 130  4  -0.8   88816.   3.0  461.  1.30
2024 130  5   0.9   84473.   3.1  457.  1.33
2024 130  6   1.0   84552.   3.0  457.  1.29
2024 130  7   1.2   80072.   3.1  447.  1.27
2024 130  8   1.7   72333.   3.0  438.  1.18
2024 130  9   0.2   74700.   3.2  437.  1.26
2024 130 10   0.1   73220.   3.2  435.  1.25
2024 130 11  -0.0   65239.   3.1  430.  1.15
2024 130 12  -0.7   63771.   3.0  422.  1.07
2024 130 13  -1.1   58549.   3.1  421.  1.09
2024 130 14  -0.7   58678.   3.2  423.  1.14
2024 130 15  -0.2   65289.   3.9  424.  1.40
2024 130 16   0.7   55793.   3.9  415.  1.36
2024 130 17   1.2   52464.   4.0  413.  1.37
2024 130 18   1.9 9999999. 999.9 9999. 99.99
2024 130 19  -0.8   50189.   7.4  425.  2.69
2024 130 20   1.1   39922.   7.8  422.  2.74
2024 130 21   0.5   39848.   7.3  417.  2.48
2024 130 22   1.5   83627.   5.9  424.  2.14
2024 130 23  -1.0   58039.   5.5  417.  1.90
2024 131  0  -3.0   61023.   5.4  410.  1.85
2024 131  1  -3.7   61446.   5.5  398.  1.76
2024 131  2   0.1   53903.   6.6  425.  2.24
2024 131  3  -0.9   31464.  10.5  430.  3.53
2024 131  4  -3.4   53708.  12.0  432.  4.07
2024 131  5  -0.7   58292.  11.3  430.  3.77
2024 131  6  -1.0   64435.   9.0  422.  2.87
2024 131  7  -1.2   54694.   9.3  416.  2.89
2024 131  8   0.1   51986.   8.5  412.  2.59
2024 131  9  -0.2   59926.   8.0  415.  2.46
2024 131 10  -3.2   72151.   4.3  421.  1.35
2024 131 11  -3.1   74277.   3.5  423.  1.13
2024 131 12  -1.9   87778.   2.9  409.  0.95
2024 131 13   0.6  102376.   3.2  411.  1.07
2024 131 14  -1.0  119662.   5.1  446.  1.88
2024 131 15  -0.6   56514.  14.2  455.  5.26
2024 131 16   1.9   49943.  15.6  449.  5.69
2024 131 17  -5.9  365846.  29.1  571. 17.75
2024 131 18 -18.0  871652.  32.9  697. 31.18
2024 131 19  -1.2  963992.  35.2  664. 28.61
2024 131 20 -26.9  303344.  48.1  702. 55.89
2024 131 21 -35.0  192777.  32.6  697. 36.50
2024 131 22 -13.7  217629.  20.1  729. 26.26
2024 131 23   4.8  127551.  20.2  740. 27.78
2024 132  0 -35.3  424750.  14.7  742. 20.76
2024 132  1 -34.0  533137.  25.2  732. 33.37
2024 132  2 -20.5  416056.  38.4  738. 48.76
2024 132  3 -22.8  217724.  17.5  748. 23.68
2024 132  4 -18.9  183194.   8.4  704. 10.40
2024 132  5   5.9  217474.  19.9  700. 23.06
2024 132  6  -9.9  397715.  31.7  692. 41.47
2024 132  7 -18.0  384618.  33.9  689. 42.57
2024 132  8 -15.5  351270.  22.6  709. 30.43
2024 132  9 -35.2  192210.  13.1  691. 17.55
2024 132 10 -12.7  345442.  32.8  691. 43.10
2024 132 11  -1.3  526728.  17.8  759. 24.18
2024 132 12 -16.5  145543.  12.5  809. 22.57
2024 132 13 -22.3  102221.   8.5  804. 13.84
2024 132 14 -19.8  103817.   7.9  770. 10.98
2024 132 15 -14.6   78844.   7.5  793. 11.00
2024 132 16  -7.9   68683.   5.2  785.  7.62
2024 132 17  -4.6   96238.   4.5  796.  7.14
2024 132 18   2.0  172716.   8.3  863. 15.90
2024 132 19   0.8  456683.   8.5  880. 16.44
2024 132 20   0.2  382027.   7.0  896. 13.18
2024 132 21   0.9  252303.   8.1  894. 15.65
2024 132 22   8.0  190396.   7.0  887. 13.17
2024 132 23   3.5  758667.   1.7  882.  2.64
2024 133  0   0.5  630171.   2.0  938.  3.52
2024 133  1  -4.9  206127.   2.5 1006.  5.06
2024 133  2  -3.2   82940.   4.5  960.  8.29
2024 133  3   2.2   24903.   6.6  935. 11.54
2024 133  4   1.9   27470.   9.0  926. 15.43
2024 133  5   3.0   21688.   3.1  909.  5.24
2024 133  6   2.8   13036.   2.2  886.  3.58
2024 133  7   1.8   16024.   1.5  876.  2.48
2024 133  8   1.0  152116.   1.3  853.  1.95
2024 133  9   1.0   65402.   1.7  855.  2.57
2024 133 10   5.3  121802.   3.1  878.  5.03
2024 133 11   4.4  404251.   1.4  875.  2.14
2024 133 12   3.5  628208.   1.0  874.  1.53
2024 133 13   2.9  556381.   0.9  859.  1.24
2024 133 14   0.1  530791.   1.0  862.  1.39
2024 133 15   1.0  678631.   0.9  852.  1.31
2024 133 16   2.0  994196.   1.1  840.  1.55
2024 133 17   1.9 1235003.   1.4  854.  2.04
2024 133 18   0.9 1103747.   1.8  900.  2.80
2024 133 19   1.2  728125.   2.0  872.  3.38
2024 133 20  -1.5  540616.   2.3  863.  3.48
2024 133 21  -4.9  163092.   3.1  834.  4.59
2024 133 22  -1.7  162215.   4.5  834.  6.90
2024 133 23   3.2  108901.   6.9  829. 10.23
2024 134  0   1.2   69373.   6.2  809.  8.46
2024 134  1  -2.0   87850.   6.6  810.  9.00
2024 134  2  -1.3   83164.   6.8  804.  9.45
2024 134  3  -2.4   85480.   7.6  799. 10.50
2024 134  4  -4.1   72699.   8.9  785. 11.80
2024 134  5  -4.6   55258.   7.6  769.  9.61
2024 134  6  -6.2   39587.   4.7  748.  5.55
2024 134  7  -2.9   45617.   7.4  717.  8.03
2024 134  8   4.3   64247.   8.9  706.  9.22
2024 134  9   4.1   56622.   7.3  698.  7.34
2024 134 10   5.0   59830.   6.7  685.  6.53
2024 134 11   3.0   85765.   6.8  676.  6.73
2024 134 12   4.4   53267.   5.6  633.  4.80
2024 134 13   3.8   61932.   4.6  634.  4.04
2024 134 14   4.3   45788.   3.2  628.  2.65
2024 134 15   4.5   21910.   4.6  623.  3.76
2024 134 16   4.6   30224.   3.7  619.  2.78
2024 134 17   2.0   55619.   2.9  611.  2.12
2024 134 18   3.8   29170.   3.9  609.  2.73
2024 134 19   4.0   19300.   4.7  598.  3.29
2024 134 20   3.3   16034.   4.5  594.  3.05
2024 134 21   4.0   17249.   5.3  587.  3.61
2024 134 22   4.8   20379.   4.9  580.  3.35
2024 134 23   4.7   24954.   4.1  572.  2.76
2024 135  0   5.0   35931.   4.8  579.  3.15
2024 135  1   4.6   26744.   3.9  577.  2.43
2024 135  2   3.6   28089.   3.0  572.  1.82
2024 135  3   3.0   27692.   2.2  566.  1.31
2024 135  4   2.7   25838.   1.9  560.  1.11
2024 135  5   0.8   35363.   2.1  553.  1.24
2024 135  6   2.0   38087.   1.7  551.  0.98
2024 135  7   4.8   88198.   0.9  552.  0.51
2024 135  8   4.1   92907.   0.8  551.  0.47
2024 135  9   3.8   87669.   0.7  539.  0.45
2024 135 10   4.3  107816.   0.8  538.  0.55
2024 135 11   2.6  132484.   0.8  531.  0.52
2024 135 12  -0.2  168401.   0.8  528.  0.58
2024 135 13   0.7  163603.   0.9  514.  0.61
2024 135 14   0.4  137592.   0.9  507.  0.57
2024 135 15   0.2  101641.   0.9  524.  0.57
2024 135 16   1.5   70818.   0.7  516.  0.45
2024 135 17   2.5   74273.   0.8  537.  0.57
2024 135 18   0.4  127932.   0.9  523.  0.63
2024 135 19  -0.0  104349.   0.8  510.  0.52
2024 135 20   2.0   63902.   0.8  511.  0.51
2024 135 21   2.4   60964.   0.8  512.  0.49
2024 135 22   1.4   83206.   0.8  504.  0.47
2024 135 23   1.3   71497.   0.8  504.  0.45
2024 136  0   2.0   62199.   0.9  531.  0.55
2024 136  1   2.4   56454.   0.9  521.  0.52
2024 136  2   1.8   70675.   0.9  507.  0.50
2024 136  3  -2.5   50033.   1.1  531.  0.67
2024 136  4  -2.9   51058.   1.1  528.  0.66
2024 136  5  -2.6   70009.   1.2  523.  0.72
2024 136  6  -0.9   87780.   1.3  505.  0.72
2024 136  7   1.3   96480.   1.5  491.  0.79
2024 136  8   1.6   98859.   1.6  498.  0.86
2024 136  9  -1.3  107999.   1.7  496.  0.90
2024 136 10  -1.6  108309.   1.7  486.  0.86
2024 136 11  -2.5   99814.   1.6  482.  0.78
2024 136 12  -1.3   98616.   1.6  473.  0.76
2024 136 13   1.1  111537.   1.3  456.  0.60
2024 136 14   0.5   97743.   1.5  461.  0.68
2024 136 15   0.3   87614.   1.5  455.  0.65
2024 136 16  -0.6   83612.   1.5  451.  0.65
2024 136 17  -1.1   85204.   1.5  448.  0.64
2024 136 18  -0.4   80778.   1.5  445.  0.62
2024 136 19  -0.1   82099.   1.8  452.  0.74
2024 136 20  -1.0  124838.   3.1  447.  1.33
2024 136 21  -2.8  127276.   3.1  444.  1.28
2024 136 22  -0.4  127622.   2.9  431.  1.20
2024 136 23  -1.6  130548.   3.4  428.  1.33
