Listing for omni_5min data from 20240507 to 20240515
Selected parameters:
 1 SYM/H, nT

YYYY DOY HR MN    1 
2024 128  0  0   -14
2024 128  0  5   -14
2024 128  0 10   -13
2024 128  0 15   -15
2024 128  0 20   -14
2024 128  0 25   -16
2024 128  0 30   -16
2024 128  0 35   -16
2024 128  0 40   -16
2024 128  0 45   -16
2024 128  0 50   -16
2024 128  0 55   -16
2024 128  1  0   -15
2024 128  1  5   -15
2024 128  1 10   -15
2024 128  1 15   -16
2024 128  1 20   -16
2024 128  1 25   -15
2024 128  1 30   -14
2024 128  1 35   -14
2024 128  1 40   -14
2024 128  1 45   -14
2024 128  1 50   -13
2024 128  1 55   -12
2024 128  2  0   -12
2024 128  2  5   -12
2024 128  2 10   -11
2024 128  2 15   -11
2024 128  2 20   -12
2024 128  2 25   -10
2024 128  2 30    -8
2024 128  2 35    -9
2024 128  2 40   -10
2024 128  2 45   -11
2024 128  2 50   -11
2024 128  2 55   -11
2024 128  3  0   -10
2024 128  3  5   -11
2024 128  3 10   -11
2024 128  3 15   -12
2024 128  3 20   -12
2024 128  3 25   -13
2024 128  3 30   -14
2024 128  3 35   -14
2024 128  3 40   -14
2024 128  3 45   -16
2024 128  3 50   -15
2024 128  3 55   -14
2024 128  4  0   -13
2024 128  4  5   -13
2024 128  4 10   -15
2024 128  4 15   -16
2024 128  4 20   -15
2024 128  4 25   -16
2024 128  4 30   -16
2024 128  4 35   -15
2024 128  4 40   -14
2024 128  4 45   -13
2024 128  4 50   -14
2024 128  4 55   -14
2024 128  5  0   -13
2024 128  5  5   -12
2024 128  5 10   -12
2024 128  5 15   -12
2024 128  5 20   -13
2024 128  5 25   -13
2024 128  5 30   -12
2024 128  5 35   -12
2024 128  5 40   -12
2024 128  5 45   -12
2024 128  5 50   -12
2024 128  5 55   -11
2024 128  6  0   -12
2024 128  6  5   -12
2024 128  6 10    -9
2024 128  6 15    -8
2024 128  6 20    -7
2024 128  6 25    -7
2024 128  6 30    -7
2024 128  6 35    -7
2024 128  6 40    -6
2024 128  6 45    -6
2024 128  6 50    -5
2024 128  6 55    -4
2024 128  7  0    -4
2024 128  7  5    -4
2024 128  7 10    -6
2024 128  7 15    -5
2024 128  7 20    -5
2024 128  7 25    -6
2024 128  7 30    -6
2024 128  7 35    -5
2024 128  7 40    -5
2024 128  7 45    -6
2024 128  7 50    -7
2024 128  7 55    -7
2024 128  8  0    -9
2024 128  8  5    -9
2024 128  8 10    -9
2024 128  8 15    -9
2024 128  8 20    -8
2024 128  8 25    -6
2024 128  8 30    -6
2024 128  8 35    -8
2024 128  8 40   -10
2024 128  8 45    -9
2024 128  8 50    -8
2024 128  8 55    -9
2024 128  9  0   -11
2024 128  9  5   -12
2024 128  9 10   -12
2024 128  9 15   -11
2024 128  9 20   -10
2024 128  9 25   -10
2024 128  9 30   -10
2024 128  9 35    -9
2024 128  9 40    -9
2024 128  9 45   -10
2024 128  9 50   -11
2024 128  9 55    -9
2024 128 10  0    -8
2024 128 10  5    -9
2024 128 10 10   -10
2024 128 10 15   -10
2024 128 10 20   -11
2024 128 10 25   -11
2024 128 10 30   -12
2024 128 10 35   -11
2024 128 10 40   -11
2024 128 10 45   -11
2024 128 10 50   -11
2024 128 10 55   -10
2024 128 11  0    -9
2024 128 11  5    -9
2024 128 11 10   -10
2024 128 11 15   -10
2024 128 11 20   -10
2024 128 11 25    -9
2024 128 11 30    -9
2024 128 11 35    -9
2024 128 11 40   -10
2024 128 11 45    -9
2024 128 11 50    -9
2024 128 11 55    -9
2024 128 12  0    -9
2024 128 12  5    -9
2024 128 12 10    -9
2024 128 12 15    -9
2024 128 12 20   -10
2024 128 12 25   -10
2024 128 12 30    -9
2024 128 12 35    -9
2024 128 12 40    -9
2024 128 12 45    -9
2024 128 12 50    -9
2024 128 12 55    -9
2024 128 13  0    -9
2024 128 13  5    -9
2024 128 13 10    -8
2024 128 13 15    -8
2024 128 13 20    -8
2024 128 13 25    -8
2024 128 13 30    -9
2024 128 13 35    -9
2024 128 13 40   -10
2024 128 13 45   -10
2024 128 13 50   -11
2024 128 13 55   -12
2024 128 14  0   -12
2024 128 14  5   -11
2024 128 14 10   -10
2024 128 14 15    -8
2024 128 14 20    -8
2024 128 14 25    -9
2024 128 14 30    -9
2024 128 14 35    -9
2024 128 14 40    -9
2024 128 14 45   -10
2024 128 14 50    -9
2024 128 14 55    -9
2024 128 15  0   -10
2024 128 15  5   -10
2024 128 15 10   -11
2024 128 15 15   -11
2024 128 15 20   -11
2024 128 15 25   -11
2024 128 15 30   -11
2024 128 15 35   -12
2024 128 15 40   -12
2024 128 15 45   -13
2024 128 15 50   -13
2024 128 15 55   -12
2024 128 16  0   -13
2024 128 16  5   -13
2024 128 16 10   -13
2024 128 16 15   -14
2024 128 16 20   -14
2024 128 16 25   -15
2024 128 16 30   -17
2024 128 16 35   -16
2024 128 16 40   -16
2024 128 16 45   -16
2024 128 16 50   -16
2024 128 16 55   -17
2024 128 17  0   -20
2024 128 17  5   -21
2024 128 17 10   -19
2024 128 17 15   -20
2024 128 17 20   -19
2024 128 17 25   -19
2024 128 17 30   -18
2024 128 17 35   -17
2024 128 17 40   -17
2024 128 17 45   -16
2024 128 17 50   -15
2024 128 17 55   -15
2024 128 18  0   -14
2024 128 18  5   -14
2024 128 18 10   -14
2024 128 18 15   -14
2024 128 18 20   -14
2024 128 18 25   -13
2024 128 18 30   -12
2024 128 18 35   -11
2024 128 18 40   -11
2024 128 18 45   -11
2024 128 18 50   -12
2024 128 18 55   -11
2024 128 19  0   -11
2024 128 19  5   -12
2024 128 19 10   -11
2024 128 19 15   -10
2024 128 19 20   -11
2024 128 19 25   -10
2024 128 19 30   -10
2024 128 19 35    -9
2024 128 19 40    -8
2024 128 19 45    -8
2024 128 19 50    -8
2024 128 19 55    -8
2024 128 20  0    -8
2024 128 20  5    -8
2024 128 20 10    -7
2024 128 20 15    -7
2024 128 20 20    -7
2024 128 20 25    -6
2024 128 20 30    -6
2024 128 20 35    -5
2024 128 20 40    -4
2024 128 20 45    -4
2024 128 20 50    -5
2024 128 20 55    -5
2024 128 21  0    -4
2024 128 21  5    -5
2024 128 21 10    -5
2024 128 21 15    -5
2024 128 21 20    -5
2024 128 21 25    -4
2024 128 21 30    -5
2024 128 21 35    -4
2024 128 21 40    -4
2024 128 21 45    -2
2024 128 21 50    -2
2024 128 21 55    -2
2024 128 22  0    -3
2024 128 22  5    -3
2024 128 22 10    -2
2024 128 22 15     0
2024 128 22 20    -1
2024 128 22 25    -1
2024 128 22 30    -2
2024 128 22 35    -2
2024 128 22 40    -2
2024 128 22 45    -3
2024 128 22 50    -3
2024 128 22 55    -3
2024 128 23  0    -3
2024 128 23  5    -3
2024 128 23 10    -3
2024 128 23 15    -4
2024 128 23 20    -5
2024 128 23 25    -5
2024 128 23 30    -4
2024 128 23 35    -2
2024 128 23 40    -4
2024 128 23 45    -4
2024 128 23 50    -5
2024 128 23 55    -5
2024 129  0  0    -4
2024 129  0  5    -3
2024 129  0 10    -3
2024 129  0 15    -3
2024 129  0 20    -4
2024 129  0 25    -5
2024 129  0 30    -5
2024 129  0 35    -5
2024 129  0 40    -6
2024 129  0 45    -6
2024 129  0 50    -6
2024 129  0 55    -6
2024 129  1  0    -7
2024 129  1  5    -5
2024 129  1 10    -7
2024 129  1 15    -7
2024 129  1 20    -6
2024 129  1 25    -4
2024 129  1 30    -5
2024 129  1 35    -5
2024 129  1 40    -5
2024 129  1 45    -5
2024 129  1 50    -4
2024 129  1 55    -5
2024 129  2  0    -5
2024 129  2  5    -5
2024 129  2 10    -5
2024 129  2 15    -6
2024 129  2 20    -6
2024 129  2 25    -6
2024 129  2 30    -6
2024 129  2 35    -5
2024 129  2 40    -6
2024 129  2 45    -6
2024 129  2 50    -6
2024 129  2 55    -6
2024 129  3  0    -7
2024 129  3  5    -7
2024 129  3 10    -7
2024 129  3 15    -7
2024 129  3 20    -7
2024 129  3 25    -8
2024 129  3 30    -7
2024 129  3 35    -7
2024 129  3 40    -7
2024 129  3 45    -7
2024 129  3 50    -7
2024 129  3 55    -7
2024 129  4  0    -6
2024 129  4  5    -4
2024 129  4 10    -4
2024 129  4 15    -4
2024 129  4 20    -5
2024 129  4 25    -5
2024 129  4 30    -6
2024 129  4 35    -6
2024 129  4 40    -6
2024 129  4 45    -6
2024 129  4 50    -5
2024 129  4 55    -5
2024 129  5  0    -5
2024 129  5  5    -4
2024 129  5 10    -3
2024 129  5 15    -1
2024 129  5 20    -1
2024 129  5 25    -2
2024 129  5 30    -3
2024 129  5 35    -3
2024 129  5 40    -3
2024 129  5 45    -1
2024 129  5 50    -2
2024 129  5 55    -2
2024 129  6  0    -2
2024 129  6  5    -1
2024 129  6 10    -2
2024 129  6 15    -4
2024 129  6 20    -5
2024 129  6 25    -5
2024 129  6 30    -2
2024 129  6 35    -4
2024 129  6 40    -5
2024 129  6 45    -4
2024 129  6 50    -2
2024 129  6 55    -1
2024 129  7  0    -2
2024 129  7  5    -3
2024 129  7 10    -3
2024 129  7 15    -2
2024 129  7 20    -2
2024 129  7 25    -3
2024 129  7 30    -3
2024 129  7 35    -3
2024 129  7 40    -3
2024 129  7 45     1
2024 129  7 50     0
2024 129  7 55     1
2024 129  8  0     1
2024 129  8  5     0
2024 129  8 10    -1
2024 129  8 15    -3
2024 129  8 20    -3
2024 129  8 25    -3
2024 129  8 30    -3
2024 129  8 35    -3
2024 129  8 40    -4
2024 129  8 45    -4
2024 129  8 50    -4
2024 129  8 55    -4
2024 129  9  0    -3
2024 129  9  5    -4
2024 129  9 10    -4
2024 129  9 15    -4
2024 129  9 20    -4
2024 129  9 25    -4
2024 129  9 30    -2
2024 129  9 35    -4
2024 129  9 40    -3
2024 129  9 45    -4
2024 129  9 50    -3
2024 129  9 55    -3
2024 129 10  0    -4
2024 129 10  5    -5
2024 129 10 10    -5
2024 129 10 15    -6
2024 129 10 20    -5
2024 129 10 25    -5
2024 129 10 30    -4
2024 129 10 35    -3
2024 129 10 40    -3
2024 129 10 45    -2
2024 129 10 50    -2
2024 129 10 55    -2
2024 129 11  0    -2
2024 129 11  5    -2
2024 129 11 10    -1
2024 129 11 15     0
2024 129 11 20     0
2024 129 11 25    -1
2024 129 11 30    -1
2024 129 11 35    -1
2024 129 11 40    -1
2024 129 11 45    -1
2024 129 11 50    -1
2024 129 11 55    -1
2024 129 12  0     1
2024 129 12  5     1
2024 129 12 10    -1
2024 129 12 15    -2
2024 129 12 20    -1
2024 129 12 25    -2
2024 129 12 30    -2
2024 129 12 35    -2
2024 129 12 40    -3
2024 129 12 45    -2
2024 129 12 50    -2
2024 129 12 55    -2
2024 129 13  0    -2
2024 129 13  5    -2
2024 129 13 10    -2
2024 129 13 15    -2
2024 129 13 20    -2
2024 129 13 25    -1
2024 129 13 30    -1
2024 129 13 35    -1
2024 129 13 40    -1
2024 129 13 45    -1
2024 129 13 50    -1
2024 129 13 55    -1
2024 129 14  0    -1
2024 129 14  5    -2
2024 129 14 10    -2
2024 129 14 15    -3
2024 129 14 20    -3
2024 129 14 25    -4
2024 129 14 30    -5
2024 129 14 35    -4
2024 129 14 40    -5
2024 129 14 45    -6
2024 129 14 50    -6
2024 129 14 55    -7
2024 129 15  0    -8
2024 129 15  5    -8
2024 129 15 10    -7
2024 129 15 15    -6
2024 129 15 20    -6
2024 129 15 25    -7
2024 129 15 30    -8
2024 129 15 35    -8
2024 129 15 40    -8
2024 129 15 45    -8
2024 129 15 50    -8
2024 129 15 55    -8
2024 129 16  0    -8
2024 129 16  5    -8
2024 129 16 10    -8
2024 129 16 15    -8
2024 129 16 20    -8
2024 129 16 25    -8
2024 129 16 30    -8
2024 129 16 35    -8
2024 129 16 40    -9
2024 129 16 45    -9
2024 129 16 50    -9
2024 129 16 55    -9
2024 129 17  0   -10
2024 129 17  5   -10
2024 129 17 10   -10
2024 129 17 15   -10
2024 129 17 20   -11
2024 129 17 25   -11
2024 129 17 30   -11
2024 129 17 35   -11
2024 129 17 40   -12
2024 129 17 45   -12
2024 129 17 50   -13
2024 129 17 55   -13
2024 129 18  0   -12
2024 129 18  5   -12
2024 129 18 10   -10
2024 129 18 15   -10
2024 129 18 20   -10
2024 129 18 25   -10
2024 129 18 30    -9
2024 129 18 35    -9
2024 129 18 40    -9
2024 129 18 45    -9
2024 129 18 50    -8
2024 129 18 55    -8
2024 129 19  0    -7
2024 129 19  5    -7
2024 129 19 10    -6
2024 129 19 15    -6
2024 129 19 20    -6
2024 129 19 25    -6
2024 129 19 30    -5
2024 129 19 35    -4
2024 129 19 40    -4
2024 129 19 45    -4
2024 129 19 50    -4
2024 129 19 55    -5
2024 129 20  0    -4
2024 129 20  5    -4
2024 129 20 10    -3
2024 129 20 15    -4
2024 129 20 20    -3
2024 129 20 25    -2
2024 129 20 30    -2
2024 129 20 35    -2
2024 129 20 40    -2
2024 129 20 45    -1
2024 129 20 50    -1
2024 129 20 55     0
2024 129 21  0     0
2024 129 21  5     0
2024 129 21 10     2
2024 129 21 15     3
2024 129 21 20     3
2024 129 21 25     3
2024 129 21 30     3
2024 129 21 35     3
2024 129 21 40     4
2024 129 21 45     4
2024 129 21 50     6
2024 129 21 55     5
2024 129 22  0     5
2024 129 22  5     5
2024 129 22 10     4
2024 129 22 15     5
2024 129 22 20     5
2024 129 22 25     5
2024 129 22 30     6
2024 129 22 35     6
2024 129 22 40     5
2024 129 22 45     4
2024 129 22 50     4
2024 129 22 55     5
2024 129 23  0     5
2024 129 23  5     4
2024 129 23 10     4
2024 129 23 15     4
2024 129 23 20     4
2024 129 23 25     4
2024 129 23 30     4
2024 129 23 35     3
2024 129 23 40     5
2024 129 23 45     6
2024 129 23 50     5
2024 129 23 55     5
2024 130  0  0     5
2024 130  0  5     5
2024 130  0 10     5
2024 130  0 15     4
2024 130  0 20     4
2024 130  0 25     4
2024 130  0 30     4
2024 130  0 35     4
2024 130  0 40     4
2024 130  0 45     4
2024 130  0 50     4
2024 130  0 55     4
2024 130  1  0     4
2024 130  1  5     3
2024 130  1 10     3
2024 130  1 15     3
2024 130  1 20     3
2024 130  1 25     3
2024 130  1 30     3
2024 130  1 35     3
2024 130  1 40     4
2024 130  1 45     3
2024 130  1 50     3
2024 130  1 55     3
2024 130  2  0     3
2024 130  2  5     3
2024 130  2 10     4
2024 130  2 15     4
2024 130  2 20     4
2024 130  2 25     4
2024 130  2 30     3
2024 130  2 35     4
2024 130  2 40     4
2024 130  2 45     4
2024 130  2 50     4
2024 130  2 55     3
2024 130  3  0     3
2024 130  3  5     2
2024 130  3 10     2
2024 130  3 15     2
2024 130  3 20     2
2024 130  3 25     2
2024 130  3 30     1
2024 130  3 35     1
2024 130  3 40     0
2024 130  3 45     1
2024 130  3 50     3
2024 130  3 55     4
2024 130  4  0     4
2024 130  4  5     4
2024 130  4 10     3
2024 130  4 15     2
2024 130  4 20     2
2024 130  4 25     3
2024 130  4 30     2
2024 130  4 35     4
2024 130  4 40     4
2024 130  4 45     3
2024 130  4 50     2
2024 130  4 55     0
2024 130  5  0    -1
2024 130  5  5    -1
2024 130  5 10     0
2024 130  5 15     0
2024 130  5 20    -1
2024 130  5 25    -1
2024 130  5 30    -2
2024 130  5 35    -2
2024 130  5 40    -2
2024 130  5 45    -2
2024 130  5 50    -2
2024 130  5 55    -1
2024 130  6  0    -1
2024 130  6  5    -1
2024 130  6 10     0
2024 130  6 15     1
2024 130  6 20     1
2024 130  6 25     1
2024 130  6 30     1
2024 130  6 35     0
2024 130  6 40     0
2024 130  6 45     1
2024 130  6 50     1
2024 130  6 55     0
2024 130  7  0     0
2024 130  7  5     0
2024 130  7 10     0
2024 130  7 15    -1
2024 130  7 20    -1
2024 130  7 25    -1
2024 130  7 30    -1
2024 130  7 35    -1
2024 130  7 40    -1
2024 130  7 45    -1
2024 130  7 50    -1
2024 130  7 55    -1
2024 130  8  0     0
2024 130  8  5     0
2024 130  8 10     0
2024 130  8 15     0
2024 130  8 20     0
2024 130  8 25     0
2024 130  8 30     1
2024 130  8 35     0
2024 130  8 40     1
2024 130  8 45     2
2024 130  8 50     3
2024 130  8 55     3
2024 130  9  0     3
2024 130  9  5     4
2024 130  9 10     6
2024 130  9 15     6
2024 130  9 20     6
2024 130  9 25     5
2024 130  9 30     5
2024 130  9 35     6
2024 130  9 40     5
2024 130  9 45     4
2024 130  9 50     3
2024 130  9 55     2
2024 130 10  0     1
2024 130 10  5     1
2024 130 10 10     2
2024 130 10 15     2
2024 130 10 20     4
2024 130 10 25     3
2024 130 10 30     4
2024 130 10 35     4
2024 130 10 40     4
2024 130 10 45     5
2024 130 10 50     6
2024 130 10 55     5
2024 130 11  0     5
2024 130 11  5     5
2024 130 11 10     4
2024 130 11 15     4
2024 130 11 20     4
2024 130 11 25     4
2024 130 11 30     5
2024 130 11 35     5
2024 130 11 40     5
2024 130 11 45     5
2024 130 11 50     5
2024 130 11 55     5
2024 130 12  0     4
2024 130 12  5     4
2024 130 12 10     4
2024 130 12 15     4
2024 130 12 20     3
2024 130 12 25     3
2024 130 12 30     3
2024 130 12 35     3
2024 130 12 40     4
2024 130 12 45     4
2024 130 12 50     4
2024 130 12 55     4
2024 130 13  0     5
2024 130 13  5     5
2024 130 13 10     6
2024 130 13 15     6
2024 130 13 20     6
2024 130 13 25     7
2024 130 13 30     7
2024 130 13 35     7
2024 130 13 40     7
2024 130 13 45     7
2024 130 13 50     6
2024 130 13 55     6
2024 130 14  0     7
2024 130 14  5     6
2024 130 14 10     6
2024 130 14 15     6
2024 130 14 20     6
2024 130 14 25     6
2024 130 14 30     6
2024 130 14 35     7
2024 130 14 40     7
2024 130 14 45     7
2024 130 14 50     6
2024 130 14 55     5
2024 130 15  0     5
2024 130 15  5     4
2024 130 15 10     4
2024 130 15 15     3
2024 130 15 20     3
2024 130 15 25     3
2024 130 15 30     2
2024 130 15 35     2
2024 130 15 40     2
2024 130 15 45     3
2024 130 15 50     4
2024 130 15 55     5
2024 130 16  0     4
2024 130 16  5     4
2024 130 16 10     3
2024 130 16 15     3
2024 130 16 20     3
2024 130 16 25     3
2024 130 16 30     3
2024 130 16 35     3
2024 130 16 40     3
2024 130 16 45     3
2024 130 16 50     3
2024 130 16 55     3
2024 130 17  0     3
2024 130 17  5     4
2024 130 17 10     4
2024 130 17 15     3
2024 130 17 20     3
2024 130 17 25     3
2024 130 17 30     3
2024 130 17 35     3
2024 130 17 40     3
2024 130 17 45     3
2024 130 17 50     4
2024 130 17 55     4
2024 130 18  0     4
2024 130 18  5     4
2024 130 18 10     5
2024 130 18 15     4
2024 130 18 20     7
2024 130 18 25    12
2024 130 18 30    13
2024 130 18 35    13
2024 130 18 40    14
2024 130 18 45    13
2024 130 18 50    12
2024 130 18 55    12
2024 130 19  0    13
2024 130 19  5    12
2024 130 19 10    11
2024 130 19 15     9
2024 130 19 20    10
2024 130 19 25    13
2024 130 19 30    13
2024 130 19 35    12
2024 130 19 40     9
2024 130 19 45     9
2024 130 19 50     8
2024 130 19 55     8
2024 130 20  0     7
2024 130 20  5     9
2024 130 20 10    10
2024 130 20 15    11
2024 130 20 20    11
2024 130 20 25    11
2024 130 20 30    10
2024 130 20 35    11
2024 130 20 40    12
2024 130 20 45    11
2024 130 20 50    12
2024 130 20 55    13
2024 130 21  0    13
2024 130 21  5     8
2024 130 21 10     8
2024 130 21 15    10
2024 130 21 20    12
2024 130 21 25    13
2024 130 21 30    13
2024 130 21 35    13
2024 130 21 40    12
2024 130 21 45    12
2024 130 21 50    11
2024 130 21 55    11
2024 130 22  0    11
2024 130 22  5    12
2024 130 22 10    12
2024 130 22 15    13
2024 130 22 20    12
2024 130 22 25    12
2024 130 22 30    12
2024 130 22 35    11
2024 130 22 40     9
2024 130 22 45     8
2024 130 22 50    11
2024 130 22 55    11
2024 130 23  0    10
2024 130 23  5     9
2024 130 23 10     9
2024 130 23 15     8
2024 130 23 20     8
2024 130 23 25     8
2024 130 23 30     9
2024 130 23 35     8
2024 130 23 40     8
2024 130 23 45     7
2024 130 23 50     8
2024 130 23 55     7
2024 131  0  0     6
2024 131  0  5     5
2024 131  0 10     4
2024 131  0 15     3
2024 131  0 20     2
2024 131  0 25     1
2024 131  0 30     0
2024 131  0 35    -1
2024 131  0 40     2
2024 131  0 45     1
2024 131  0 50     0
2024 131  0 55    -1
2024 131  1  0    -2
2024 131  1  5    -2
2024 131  1 10    -3
2024 131  1 15    -2
2024 131  1 20    -3
2024 131  1 25    -3
2024 131  1 30    -3
2024 131  1 35    -3
2024 131  1 40    -3
2024 131  1 45    -3
2024 131  1 50    -3
2024 131  1 55    -3
2024 131  2  0    -5
2024 131  2  5    -5
2024 131  2 10    -6
2024 131  2 15    -5
2024 131  2 20    -5
2024 131  2 25    -5
2024 131  2 30    -4
2024 131  2 35    -1
2024 131  2 40     0
2024 131  2 45     1
2024 131  2 50    -1
2024 131  2 55    -1
2024 131  3  0     0
2024 131  3  5     0
2024 131  3 10     8
2024 131  3 15    16
2024 131  3 20    14
2024 131  3 25    14
2024 131  3 30    19
2024 131  3 35    14
2024 131  3 40    12
2024 131  3 45    10
2024 131  3 50    10
2024 131  3 55    10
2024 131  4  0    10
2024 131  4  5     9
2024 131  4 10     9
2024 131  4 15     8
2024 131  4 20     7
2024 131  4 25     6
2024 131  4 30     5
2024 131  4 35     3
2024 131  4 40     2
2024 131  4 45     2
2024 131  4 50     0
2024 131  4 55     0
2024 131  5  0     0
2024 131  5  5    -2
2024 131  5 10    -2
2024 131  5 15    -3
2024 131  5 20    -5
2024 131  5 25    -7
2024 131  5 30    -8
2024 131  5 35    -9
2024 131  5 40    -9
2024 131  5 45    -7
2024 131  5 50    -7
2024 131  5 55    -7
2024 131  6  0    -6
2024 131  6  5    -5
2024 131  6 10    -4
2024 131  6 15    -4
2024 131  6 20    -4
2024 131  6 25    -5
2024 131  6 30    -4
2024 131  6 35    -2
2024 131  6 40     1
2024 131  6 45     4
2024 131  6 50     7
2024 131  6 55     8
2024 131  7  0     9
2024 131  7  5     9
2024 131  7 10     8
2024 131  7 15     5
2024 131  7 20     8
2024 131  7 25    10
2024 131  7 30     8
2024 131  7 35     7
2024 131  7 40     6
2024 131  7 45     6
2024 131  7 50     4
2024 131  7 55     3
2024 131  8  0     2
2024 131  8  5     2
2024 131  8 10     1
2024 131  8 15     2
2024 131  8 20     3
2024 131  8 25     2
2024 131  8 30     2
2024 131  8 35     3
2024 131  8 40     3
2024 131  8 45     3
2024 131  8 50     3
2024 131  8 55     2
2024 131  9  0     2
2024 131  9  5     3
2024 131  9 10     2
2024 131  9 15     3
2024 131  9 20     5
2024 131  9 25     3
2024 131  9 30     1
2024 131  9 35     3
2024 131  9 40     5
2024 131  9 45     6
2024 131  9 50     5
2024 131  9 55     5
2024 131 10  0     2
2024 131 10  5     3
2024 131 10 10     1
2024 131 10 15     1
2024 131 10 20     2
2024 131 10 25     1
2024 131 10 30     0
2024 131 10 35     0
2024 131 10 40     1
2024 131 10 45     1
2024 131 10 50    -1
2024 131 10 55    -4
2024 131 11  0    -6
2024 131 11  5    -5
2024 131 11 10    -6
2024 131 11 15    -6
2024 131 11 20    -6
2024 131 11 25    -6
2024 131 11 30    -7
2024 131 11 35    -8
2024 131 11 40    -9
2024 131 11 45    -9
2024 131 11 50    -9
2024 131 11 55    -9
2024 131 12  0    -9
2024 131 12  5    -8
2024 131 12 10    -9
2024 131 12 15    -9
2024 131 12 20   -10
2024 131 12 25    -9
2024 131 12 30    -9
2024 131 12 35    -9
2024 131 12 40    -9
2024 131 12 45    -9
2024 131 12 50    -9
2024 131 12 55    -9
2024 131 13  0    -8
2024 131 13  5    -6
2024 131 13 10    -6
2024 131 13 15    -5
2024 131 13 20    -5
2024 131 13 25    -5
2024 131 13 30    -4
2024 131 13 35    -3
2024 131 13 40    -2
2024 131 13 45    -2
2024 131 13 50     1
2024 131 13 55     3
2024 131 14  0     3
2024 131 14  5     4
2024 131 14 10     4
2024 131 14 15     4
2024 131 14 20     4
2024 131 14 25     3
2024 131 14 30     3
2024 131 14 35     4
2024 131 14 40     3
2024 131 14 45     4
2024 131 14 50     8
2024 131 14 55    14
2024 131 15  0    17
2024 131 15  5    17
2024 131 15 10    15
2024 131 15 15    14
2024 131 15 20    14
2024 131 15 25    12
2024 131 15 30    12
2024 131 15 35    11
2024 131 15 40    12
2024 131 15 45    13
2024 131 15 50    13
2024 131 15 55    14
2024 131 16  0    14
2024 131 16  5    14
2024 131 16 10    13
2024 131 16 15    11
2024 131 16 20     9
2024 131 16 25     8
2024 131 16 30     8
2024 131 16 35    11
2024 131 16 40    14
2024 131 16 45    18
2024 131 16 50    13
2024 131 16 55    16
2024 131 17  0    12
2024 131 17  5    46
2024 131 17 10    79
2024 131 17 15    79
2024 131 17 20    67
2024 131 17 25    55
2024 131 17 30    40
2024 131 17 35    38
2024 131 17 40    41
2024 131 17 45    22
2024 131 17 50     6
2024 131 17 55    -9
2024 131 18  0    -2
2024 131 18  5   -18
2024 131 18 10   -39
2024 131 18 15   -72
2024 131 18 20   -76
2024 131 18 25   -46
2024 131 18 30   -50
2024 131 18 35   -81
2024 131 18 40   -84
2024 131 18 45   -82
2024 131 18 50   -82
2024 131 18 55  -104
2024 131 19  0  -148
2024 131 19  5  -166
2024 131 19 10  -158
2024 131 19 15  -170
2024 131 19 20  -178
2024 131 19 25  -171
2024 131 19 30  -176
2024 131 19 35  -169
2024 131 19 40  -140
2024 131 19 45  -120
2024 131 19 50  -108
2024 131 19 55  -103
2024 131 20  0  -149
2024 131 20  5  -158
2024 131 20 10  -144
2024 131 20 15  -126
2024 131 20 20  -132
2024 131 20 25  -123
2024 131 20 30  -125
2024 131 20 35  -141
2024 131 20 40  -149
2024 131 20 45  -147
2024 131 20 50  -143
2024 131 20 55  -159
2024 131 21  0  -182
2024 131 21  5  -188
2024 131 21 10  -204
2024 131 21 15  -216
2024 131 21 20  -204
2024 131 21 25  -197
2024 131 21 30  -217
2024 131 21 35  -211
2024 131 21 40  -242
2024 131 21 45  -292
2024 131 21 50  -280
2024 131 21 55  -276
2024 131 22  0  -280
2024 131 22  5  -232
2024 131 22 10  -270
2024 131 22 15  -295
2024 131 22 20  -307
2024 131 22 25  -290
2024 131 22 30  -271
2024 131 22 35  -257
2024 131 22 40  -315
2024 131 22 45  -320
2024 131 22 50  -324
2024 131 22 55  -328
2024 131 23  0  -292
2024 131 23  5  -283
2024 131 23 10  -335
2024 131 23 15  -328
2024 131 23 20  -318
2024 131 23 25  -294
2024 131 23 30  -303
2024 131 23 35  -308
2024 131 23 40  -306
2024 131 23 45  -340
2024 131 23 50  -341
2024 131 23 55  -330
2024 132  0  0  -315
2024 132  0  5  -309
2024 132  0 10  -300
2024 132  0 15  -296
2024 132  0 20  -286
2024 132  0 25  -271
2024 132  0 30  -265
2024 132  0 35  -287
2024 132  0 40  -300
2024 132  0 45  -298
2024 132  0 50  -311
2024 132  0 55  -324
2024 132  1  0  -336
2024 132  1  5  -345
2024 132  1 10  -360
2024 132  1 15  -357
2024 132  1 20  -360
2024 132  1 25  -388
2024 132  1 30  -383
2024 132  1 35  -397
2024 132  1 40  -413
2024 132  1 45  -417
2024 132  1 50  -419
2024 132  1 55  -431
2024 132  2  0  -432
2024 132  2  5  -431
2024 132  2 10  -489
2024 132  2 15  -497
2024 132  2 20  -485
2024 132  2 25  -468
2024 132  2 30  -439
2024 132  2 35  -428
2024 132  2 40  -422
2024 132  2 45  -386
2024 132  2 50  -369
2024 132  2 55  -386
2024 132  3  0  -392
2024 132  3  5  -390
2024 132  3 10  -375
2024 132  3 15  -383
2024 132  3 20  -426
2024 132  3 25  -416
2024 132  3 30  -394
2024 132  3 35  -388
2024 132  3 40  -384
2024 132  3 45  -382
2024 132  3 50  -385
2024 132  3 55  -389
2024 132  4  0  -391
2024 132  4  5  -388
2024 132  4 10  -388
2024 132  4 15  -392
2024 132  4 20  -391
2024 132  4 25  -403
2024 132  4 30  -396
2024 132  4 35  -425
2024 132  4 40  -388
2024 132  4 45  -399
2024 132  4 50  -412
2024 132  4 55  -408
2024 132  5  0  -394
2024 132  5  5  -383
2024 132  5 10  -370
2024 132  5 15  -351
2024 132  5 20  -368
2024 132  5 25  -361
2024 132  5 30  -352
2024 132  5 35  -342
2024 132  5 40  -351
2024 132  5 45  -333
2024 132  5 50  -305
2024 132  5 55  -304
2024 132  6  0  -312
2024 132  6  5  -311
2024 132  6 10  -307
2024 132  6 15  -296
2024 132  6 20  -299
2024 132  6 25  -302
2024 132  6 30  -317
2024 132  6 35  -315
2024 132  6 40  -306
2024 132  6 45  -289
2024 132  6 50  -301
2024 132  6 55  -340
2024 132  7  0  -372
2024 132  7  5  -362
2024 132  7 10  -360
2024 132  7 15  -367
2024 132  7 20  -380
2024 132  7 25  -388
2024 132  7 30  -381
2024 132  7 35  -400
2024 132  7 40  -403
2024 132  7 45  -374
2024 132  7 50  -399
2024 132  7 55  -384
2024 132  8  0  -407
2024 132  8  5  -399
2024 132  8 10  -408
2024 132  8 15  -379
2024 132  8 20  -346
2024 132  8 25  -356
2024 132  8 30  -355
2024 132  8 35  -397
2024 132  8 40  -383
2024 132  8 45  -378
2024 132  8 50  -375
2024 132  8 55  -370
2024 132  9  0  -358
2024 132  9  5  -354
2024 132  9 10  -339
2024 132  9 15  -330
2024 132  9 20  -329
2024 132  9 25  -332
2024 132  9 30  -337
2024 132  9 35  -300
2024 132  9 40  -259
2024 132  9 45  -262
2024 132  9 50  -276
2024 132  9 55  -287
2024 132 10  0  -317
2024 132 10  5  -326
2024 132 10 10  -341
2024 132 10 15  -345
2024 132 10 20  -330
2024 132 10 25  -311
2024 132 10 30  -346
2024 132 10 35  -331
2024 132 10 40  -337
2024 132 10 45  -343
2024 132 10 50  -353
2024 132 10 55  -344
2024 132 11  0  -318
2024 132 11  5  -330
2024 132 11 10  -324
2024 132 11 15  -326
2024 132 11 20  -320
2024 132 11 25  -299
2024 132 11 30  -276
2024 132 11 35  -275
2024 132 11 40  -265
2024 132 11 45  -261
2024 132 11 50  -271
2024 132 11 55  -274
2024 132 12  0  -278
2024 132 12  5  -280
2024 132 12 10  -290
2024 132 12 15  -287
2024 132 12 20  -283
2024 132 12 25  -284
2024 132 12 30  -290
2024 132 12 35  -296
2024 132 12 40  -290
2024 132 12 45  -286
2024 132 12 50  -288
2024 132 12 55  -291
2024 132 13  0  -289
2024 132 13  5  -292
2024 132 13 10  -298
2024 132 13 15  -302
2024 132 13 20  -303
2024 132 13 25  -304
2024 132 13 30  -306
2024 132 13 35  -306
2024 132 13 40  -306
2024 132 13 45  -308
2024 132 13 50  -307
2024 132 13 55  -306
2024 132 14  0  -306
2024 132 14  5  -310
2024 132 14 10  -314
2024 132 14 15  -314
2024 132 14 20  -303
2024 132 14 25  -303
2024 132 14 30  -303
2024 132 14 35  -297
2024 132 14 40  -291
2024 132 14 45  -286
2024 132 14 50  -283
2024 132 14 55  -277
2024 132 15  0  -274
2024 132 15  5  -282
2024 132 15 10  -281
2024 132 15 15  -281
2024 132 15 20  -280
2024 132 15 25  -278
2024 132 15 30  -283
2024 132 15 35  -283
2024 132 15 40  -285
2024 132 15 45  -287
2024 132 15 50  -285
2024 132 15 55  -288
2024 132 16  0  -289
2024 132 16  5  -291
2024 132 16 10  -292
2024 132 16 15  -295
2024 132 16 20  -294
2024 132 16 25  -293
2024 132 16 30  -293
2024 132 16 35  -291
2024 132 16 40  -295
2024 132 16 45  -289
2024 132 16 50  -286
2024 132 16 55  -283
2024 132 17  0  -279
2024 132 17  5  -271
2024 132 17 10  -265
2024 132 17 15  -263
2024 132 17 20  -261
2024 132 17 25  -250
2024 132 17 30  -252
2024 132 17 35  -250
2024 132 17 40  -239
2024 132 17 45  -237
2024 132 17 50  -242
2024 132 17 55  -233
2024 132 18  0  -223
2024 132 18  5  -222
2024 132 18 10  -220
2024 132 18 15  -218
2024 132 18 20  -200
2024 132 18 25  -190
2024 132 18 30  -193
2024 132 18 35  -198
2024 132 18 40  -177
2024 132 18 45  -178
2024 132 18 50  -200
2024 132 18 55  -195
2024 132 19  0  -190
2024 132 19  5  -187
2024 132 19 10  -198
2024 132 19 15  -188
2024 132 19 20  -178
2024 132 19 25  -202
2024 132 19 30  -209
2024 132 19 35  -225
2024 132 19 40  -206
2024 132 19 45  -216
2024 132 19 50  -218
2024 132 19 55  -219
2024 132 20  0  -208
2024 132 20  5  -240
2024 132 20 10  -225
2024 132 20 15  -190
2024 132 20 20  -191
2024 132 20 25  -184
2024 132 20 30  -176
2024 132 20 35  -187
2024 132 20 40  -191
2024 132 20 45  -180
2024 132 20 50  -173
2024 132 20 55  -176
2024 132 21  0  -179
2024 132 21  5  -164
2024 132 21 10  -148
2024 132 21 15  -172
2024 132 21 20  -169
2024 132 21 25  -174
2024 132 21 30  -169
2024 132 21 35  -160
2024 132 21 40  -176
2024 132 21 45  -182
2024 132 21 50  -183
2024 132 21 55  -177
2024 132 22  0  -169
2024 132 22  5  -159
2024 132 22 10  -150
2024 132 22 15  -159
2024 132 22 20  -158
2024 132 22 25  -156
2024 132 22 30  -153
2024 132 22 35  -144
2024 132 22 40  -146
2024 132 22 45  -161
2024 132 22 50  -165
2024 132 22 55  -174
2024 132 23  0  -186
2024 132 23  5  -184
2024 132 23 10  -180
2024 132 23 15  -181
2024 132 23 20  -176
2024 132 23 25  -169
2024 132 23 30  -167
2024 132 23 35  -169
2024 132 23 40  -162
2024 132 23 45  -160
2024 132 23 50  -156
2024 132 23 55  -158
2024 133  0  0  -158
2024 133  0  5  -157
2024 133  0 10  -153
2024 133  0 15  -153
2024 133  0 20  -153
2024 133  0 25  -153
2024 133  0 30  -153
2024 133  0 35  -151
2024 133  0 40  -152
2024 133  0 45  -152
2024 133  0 50  -146
2024 133  0 55  -147
2024 133  1  0  -145
2024 133  1  5  -143
2024 133  1 10  -143
2024 133  1 15  -144
2024 133  1 20  -145
2024 133  1 25  -147
2024 133  1 30  -135
2024 133  1 35  -140
2024 133  1 40  -147
2024 133  1 45  -153
2024 133  1 50  -155
2024 133  1 55  -142
2024 133  2  0  -132
2024 133  2  5  -135
2024 133  2 10  -132
2024 133  2 15  -139
2024 133  2 20  -142
2024 133  2 25  -137
2024 133  2 30  -136
2024 133  2 35  -132
2024 133  2 40  -125
2024 133  2 45  -126
2024 133  2 50  -120
2024 133  2 55  -128
2024 133  3  0  -166
2024 133  3  5  -151
2024 133  3 10  -151
2024 133  3 15  -153
2024 133  3 20  -148
2024 133  3 25  -140
2024 133  3 30  -132
2024 133  3 35  -131
2024 133  3 40  -118
2024 133  3 45  -122
2024 133  3 50  -119
2024 133  3 55  -111
2024 133  4  0  -105
2024 133  4  5  -109
2024 133  4 10  -125
2024 133  4 15  -135
2024 133  4 20  -143
2024 133  4 25  -149
2024 133  4 30  -140
2024 133  4 35  -144
2024 133  4 40  -140
2024 133  4 45  -137
2024 133  4 50  -142
2024 133  4 55  -155
2024 133  5  0  -158
2024 133  5  5  -155
2024 133  5 10  -158
2024 133  5 15  -157
2024 133  5 20  -156
2024 133  5 25  -156
2024 133  5 30  -154
2024 133  5 35  -156
2024 133  5 40  -151
2024 133  5 45  -145
2024 133  5 50  -144
2024 133  5 55  -144
2024 133  6  0  -142
2024 133  6  5  -139
2024 133  6 10  -139
2024 133  6 15  -138
2024 133  6 20  -138
2024 133  6 25  -137
2024 133  6 30  -137
2024 133  6 35  -137
2024 133  6 40  -137
2024 133  6 45  -138
2024 133  6 50  -137
2024 133  6 55  -137
2024 133  7  0  -138
2024 133  7  5  -137
2024 133  7 10  -136
2024 133  7 15  -135
2024 133  7 20  -133
2024 133  7 25  -135
2024 133  7 30  -136
2024 133  7 35  -137
2024 133  7 40  -139
2024 133  7 45  -140
2024 133  7 50  -144
2024 133  7 55  -142
2024 133  8  0  -140
2024 133  8  5  -139
2024 133  8 10  -138
2024 133  8 15  -140
2024 133  8 20  -139
2024 133  8 25  -137
2024 133  8 30  -136
2024 133  8 35  -134
2024 133  8 40  -135
2024 133  8 45  -134
2024 133  8 50  -134
2024 133  8 55  -133
2024 133  9  0  -133
2024 133  9  5  -132
2024 133  9 10  -130
2024 133  9 15  -117
2024 133  9 20  -102
2024 133  9 25  -112
2024 133  9 30  -115
2024 133  9 35  -115
2024 133  9 40  -115
2024 133  9 45  -115
2024 133  9 50  -116
2024 133  9 55  -113
2024 133 10  0  -107
2024 133 10  5  -104
2024 133 10 10  -104
2024 133 10 15  -104
2024 133 10 20  -105
2024 133 10 25  -109
2024 133 10 30  -105
2024 133 10 35  -103
2024 133 10 40  -108
2024 133 10 45  -114
2024 133 10 50  -120
2024 133 10 55  -121
2024 133 11  0  -120
2024 133 11  5  -118
2024 133 11 10  -117
2024 133 11 15  -117
2024 133 11 20  -115
2024 133 11 25  -112
2024 133 11 30  -108
2024 133 11 35  -110
2024 133 11 40  -113
2024 133 11 45  -114
2024 133 11 50  -114
2024 133 11 55  -114
2024 133 12  0  -114
2024 133 12  5  -112
2024 133 12 10  -111
2024 133 12 15  -112
2024 133 12 20  -113
2024 133 12 25  -110
2024 133 12 30  -109
2024 133 12 35  -110
2024 133 12 40  -111
2024 133 12 45  -111
2024 133 12 50  -110
2024 133 12 55  -109
2024 133 13  0  -109
2024 133 13  5  -108
2024 133 13 10  -108
2024 133 13 15  -107
2024 133 13 20  -107
2024 133 13 25  -105
2024 133 13 30  -106
2024 133 13 35  -107
2024 133 13 40  -107
2024 133 13 45  -108
2024 133 13 50  -108
2024 133 13 55  -108
2024 133 14  0  -109
2024 133 14  5  -109
2024 133 14 10  -109
2024 133 14 15  -109
2024 133 14 20  -109
2024 133 14 25  -110
2024 133 14 30  -110
2024 133 14 35  -109
2024 133 14 40  -108
2024 133 14 45  -108
2024 133 14 50  -107
2024 133 14 55  -106
2024 133 15  0  -107
2024 133 15  5  -107
2024 133 15 10  -107
2024 133 15 15  -106
2024 133 15 20  -106
2024 133 15 25  -106
2024 133 15 30  -105
2024 133 15 35  -107
2024 133 15 40  -108
2024 133 15 45  -107
2024 133 15 50  -106
2024 133 15 55  -106
2024 133 16  0  -107
2024 133 16  5  -106
2024 133 16 10  -106
2024 133 16 15  -106
2024 133 16 20  -108
2024 133 16 25  -107
2024 133 16 30  -107
2024 133 16 35  -106
2024 133 16 40  -105
2024 133 16 45  -105
2024 133 16 50  -104
2024 133 16 55  -104
2024 133 17  0  -103
2024 133 17  5  -103
2024 133 17 10  -102
2024 133 17 15  -101
2024 133 17 20  -101
2024 133 17 25  -100
2024 133 17 30  -100
2024 133 17 35   -99
2024 133 17 40   -99
2024 133 17 45   -99
2024 133 17 50   -99
2024 133 17 55   -99
2024 133 18  0   -99
2024 133 18  5   -98
2024 133 18 10   -97
2024 133 18 15   -95
2024 133 18 20   -95
2024 133 18 25   -95
2024 133 18 30   -93
2024 133 18 35   -92
2024 133 18 40   -93
2024 133 18 45   -92
2024 133 18 50   -91
2024 133 18 55   -91
2024 133 19  0   -90
2024 133 19  5   -92
2024 133 19 10   -92
2024 133 19 15   -91
2024 133 19 20   -92
2024 133 19 25   -92
2024 133 19 30   -90
2024 133 19 35   -90
2024 133 19 40   -90
2024 133 19 45   -90
2024 133 19 50   -88
2024 133 19 55   -89
2024 133 20  0   -86
2024 133 20  5   -85
2024 133 20 10   -85
2024 133 20 15   -84
2024 133 20 20   -83
2024 133 20 25   -83
2024 133 20 30   -80
2024 133 20 35   -78
2024 133 20 40   -78
2024 133 20 45   -78
2024 133 20 50   -76
2024 133 20 55   -75
2024 133 21  0   -74
2024 133 21  5   -78
2024 133 21 10   -76
2024 133 21 15   -77
2024 133 21 20   -79
2024 133 21 25   -80
2024 133 21 30   -78
2024 133 21 35   -77
2024 133 21 40   -77
2024 133 21 45   -75
2024 133 21 50   -70
2024 133 21 55   -74
2024 133 22  0   -78
2024 133 22  5   -76
2024 133 22 10   -69
2024 133 22 15   -74
2024 133 22 20   -69
2024 133 22 25   -67
2024 133 22 30   -94
2024 133 22 35   -86
2024 133 22 40   -98
2024 133 22 45  -103
2024 133 22 50  -104
2024 133 22 55   -99
2024 133 23  0  -100
2024 133 23  5   -96
2024 133 23 10   -96
2024 133 23 15   -85
2024 133 23 20   -82
2024 133 23 25   -86
2024 133 23 30   -82
2024 133 23 35   -79
2024 133 23 40   -78
2024 133 23 45   -78
2024 133 23 50   -78
2024 133 23 55   -81
2024 134  0  0   -82
2024 134  0  5   -83
2024 134  0 10   -83
2024 134  0 15   -82
2024 134  0 20   -80
2024 134  0 25   -78
2024 134  0 30   -78
2024 134  0 35   -75
2024 134  0 40   -73
2024 134  0 45   -72
2024 134  0 50   -72
2024 134  0 55   -74
2024 134  1  0   -75
2024 134  1  5   -75
2024 134  1 10   -75
2024 134  1 15   -74
2024 134  1 20   -75
2024 134  1 25   -74
2024 134  1 30   -78
2024 134  1 35   -80
2024 134  1 40   -84
2024 134  1 45   -88
2024 134  1 50   -92
2024 134  1 55   -91
2024 134  2  0   -90
2024 134  2  5   -90
2024 134  2 10   -89
2024 134  2 15   -87
2024 134  2 20   -88
2024 134  2 25   -87
2024 134  2 30   -89
2024 134  2 35   -91
2024 134  2 40   -91
2024 134  2 45   -90
2024 134  2 50   -87
2024 134  2 55   -83
2024 134  3  0   -84
2024 134  3  5   -84
2024 134  3 10   -82
2024 134  3 15   -81
2024 134  3 20   -89
2024 134  3 25   -98
2024 134  3 30   -94
2024 134  3 35   -93
2024 134  3 40   -94
2024 134  3 45   -94
2024 134  3 50   -95
2024 134  3 55   -98
2024 134  4  0   -99
2024 134  4  5  -101
2024 134  4 10  -104
2024 134  4 15  -105
2024 134  4 20  -104
2024 134  4 25  -103
2024 134  4 30  -103
2024 134  4 35  -104
2024 134  4 40  -104
2024 134  4 45  -103
2024 134  4 50  -101
2024 134  4 55   -99
2024 134  5  0   -97
2024 134  5  5   -96
2024 134  5 10   -95
2024 134  5 15   -93
2024 134  5 20   -93
2024 134  5 25   -95
2024 134  5 30   -93
2024 134  5 35   -92
2024 134  5 40   -93
2024 134  5 45   -94
2024 134  5 50   -95
2024 134  5 55   -95
2024 134  6  0   -94
2024 134  6  5   -93
2024 134  6 10   -92
2024 134  6 15   -92
2024 134  6 20   -92
2024 134  6 25   -91
2024 134  6 30   -91
2024 134  6 35   -91
2024 134  6 40   -90
2024 134  6 45   -89
2024 134  6 50   -88
2024 134  6 55   -85
2024 134  7  0   -80
2024 134  7  5   -74
2024 134  7 10   -70
2024 134  7 15   -65
2024 134  7 20   -66
2024 134  7 25   -64
2024 134  7 30   -65
2024 134  7 35   -68
2024 134  7 40   -72
2024 134  7 45   -75
2024 134  7 50   -76
2024 134  7 55   -72
2024 134  8  0   -73
2024 134  8  5   -75
2024 134  8 10   -70
2024 134  8 15   -65
2024 134  8 20   -62
2024 134  8 25   -67
2024 134  8 30   -65
2024 134  8 35   -65
2024 134  8 40   -69
2024 134  8 45   -70
2024 134  8 50   -67
2024 134  8 55   -65
2024 134  9  0   -67
2024 134  9  5   -71
2024 134  9 10   -71
2024 134  9 15   -71
2024 134  9 20   -72
2024 134  9 25   -72
2024 134  9 30   -69
2024 134  9 35   -65
2024 134  9 40   -61
2024 134  9 45   -58
2024 134  9 50   -52
2024 134  9 55   -48
2024 134 10  0   -48
2024 134 10  5   -58
2024 134 10 10   -64
2024 134 10 15   -64
2024 134 10 20   -63
2024 134 10 25   -66
2024 134 10 30   -65
2024 134 10 35   -67
2024 134 10 40   -68
2024 134 10 45   -67
2024 134 10 50   -66
2024 134 10 55   -65
2024 134 11  0   -64
2024 134 11  5   -64
2024 134 11 10   -64
2024 134 11 15   -64
2024 134 11 20   -64
2024 134 11 25   -64
2024 134 11 30   -63
2024 134 11 35   -64
2024 134 11 40   -65
2024 134 11 45   -67
2024 134 11 50   -66
2024 134 11 55   -66
2024 134 12  0   -66
2024 134 12  5   -65
2024 134 12 10   -65
2024 134 12 15   -66
2024 134 12 20   -68
2024 134 12 25   -62
2024 134 12 30   -60
2024 134 12 35   -58
2024 134 12 40   -60
2024 134 12 45   -59
2024 134 12 50   -65
2024 134 12 55   -67
2024 134 13  0   -68
2024 134 13  5   -68
2024 134 13 10   -67
2024 134 13 15   -67
2024 134 13 20   -68
2024 134 13 25   -68
2024 134 13 30   -69
2024 134 13 35   -69
2024 134 13 40   -69
2024 134 13 45   -68
2024 134 13 50   -67
2024 134 13 55   -67
2024 134 14  0   -67
2024 134 14  5   -67
2024 134 14 10   -66
2024 134 14 15   -65
2024 134 14 20   -65
2024 134 14 25   -64
2024 134 14 30   -62
2024 134 14 35   -60
2024 134 14 40   -65
2024 134 14 45   -65
2024 134 14 50   -65
2024 134 14 55   -64
2024 134 15  0   -62
2024 134 15  5   -64
2024 134 15 10   -59
2024 134 15 15   -60
2024 134 15 20   -60
2024 134 15 25   -60
2024 134 15 30   -60
2024 134 15 35   -59
2024 134 15 40   -61
2024 134 15 45   -62
2024 134 15 50   -62
2024 134 15 55   -67
2024 134 16  0   -65
2024 134 16  5   -64
2024 134 16 10   -65
2024 134 16 15   -69
2024 134 16 20   -67
2024 134 16 25   -65
2024 134 16 30   -64
2024 134 16 35   -65
2024 134 16 40   -64
2024 134 16 45   -66
2024 134 16 50   -67
2024 134 16 55   -68
2024 134 17  0   -68
2024 134 17  5   -67
2024 134 17 10   -68
2024 134 17 15   -70
2024 134 17 20   -70
2024 134 17 25   -70
2024 134 17 30   -69
2024 134 17 35   -71
2024 134 17 40   -71
2024 134 17 45   -70
2024 134 17 50   -71
2024 134 17 55   -72
2024 134 18  0   -71
2024 134 18  5   -71
2024 134 18 10   -69
2024 134 18 15   -68
2024 134 18 20   -69
2024 134 18 25   -70
2024 134 18 30   -71
2024 134 18 35   -72
2024 134 18 40   -71
2024 134 18 45   -72
2024 134 18 50   -71
2024 134 18 55   -69
2024 134 19  0   -68
2024 134 19  5   -66
2024 134 19 10   -64
2024 134 19 15   -62
2024 134 19 20   -64
2024 134 19 25   -62
2024 134 19 30   -62
2024 134 19 35   -60
2024 134 19 40   -58
2024 134 19 45   -57
2024 134 19 50   -57
2024 134 19 55   -57
2024 134 20  0   -58
2024 134 20  5   -59
2024 134 20 10   -57
2024 134 20 15   -57
2024 134 20 20   -56
2024 134 20 25   -56
2024 134 20 30   -55
2024 134 20 35   -55
2024 134 20 40   -55
2024 134 20 45   -54
2024 134 20 50   -54
2024 134 20 55   -52
2024 134 21  0   -52
2024 134 21  5   -52
2024 134 21 10   -51
2024 134 21 15   -50
2024 134 21 20   -49
2024 134 21 25   -49
2024 134 21 30   -48
2024 134 21 35   -48
2024 134 21 40   -48
2024 134 21 45   -47
2024 134 21 50   -45
2024 134 21 55   -44
2024 134 22  0   -43
2024 134 22  5   -43
2024 134 22 10   -45
2024 134 22 15   -45
2024 134 22 20   -47
2024 134 22 25   -47
2024 134 22 30   -49
2024 134 22 35   -48
2024 134 22 40   -48
2024 134 22 45   -49
2024 134 22 50   -48
2024 134 22 55   -48
2024 134 23  0   -49
2024 134 23  5   -50
2024 134 23 10   -52
2024 134 23 15   -53
2024 134 23 20   -53
2024 134 23 25   -50
2024 134 23 30   -52
2024 134 23 35   -44
2024 134 23 40   -44
2024 134 23 45   -47
2024 134 23 50   -46
2024 134 23 55   -47
2024 135  0  0   -47
2024 135  0  5   -49
2024 135  0 10   -50
2024 135  0 15   -50
2024 135  0 20   -50
2024 135  0 25   -51
2024 135  0 30   -52
2024 135  0 35   -53
2024 135  0 40   -54
2024 135  0 45   -54
2024 135  0 50   -54
2024 135  0 55   -54
2024 135  1  0   -55
2024 135  1  5   -55
2024 135  1 10   -54
2024 135  1 15   -53
2024 135  1 20   -52
2024 135  1 25   -55
2024 135  1 30   -56
2024 135  1 35   -54
2024 135  1 40   -55
2024 135  1 45   -56
2024 135  1 50   -56
2024 135  1 55   -55
2024 135  2  0   -55
2024 135  2  5   -54
2024 135  2 10   -53
2024 135  2 15   -53
2024 135  2 20   -54
2024 135  2 25   -54
2024 135  2 30   -55
2024 135  2 35   -54
2024 135  2 40   -55
2024 135  2 45   -55
2024 135  2 50   -55
2024 135  2 55   -56
2024 135  3  0   -58
2024 135  3  5   -57
2024 135  3 10   -57
2024 135  3 15   -57
2024 135  3 20   -55
2024 135  3 25   -55
2024 135  3 30   -54
2024 135  3 35   -55
2024 135  3 40   -56
2024 135  3 45   -57
2024 135  3 50   -57
2024 135  3 55   -57
2024 135  4  0   -56
2024 135  4  5   -55
2024 135  4 10   -55
2024 135  4 15   -55
2024 135  4 20   -55
2024 135  4 25   -54
2024 135  4 30   -54
2024 135  4 35   -54
2024 135  4 40   -55
2024 135  4 45   -55
2024 135  4 50   -56
2024 135  4 55   -55
2024 135  5  0   -52
2024 135  5  5   -52
2024 135  5 10   -52
2024 135  5 15   -51
2024 135  5 20   -53
2024 135  5 25   -52
2024 135  5 30   -52
2024 135  5 35   -54
2024 135  5 40   -55
2024 135  5 45   -56
2024 135  5 50   -56
2024 135  5 55   -53
2024 135  6  0   -53
2024 135  6  5   -53
2024 135  6 10   -52
2024 135  6 15   -53
2024 135  6 20   -54
2024 135  6 25   -54
2024 135  6 30   -55
2024 135  6 35   -55
2024 135  6 40   -56
2024 135  6 45   -58
2024 135  6 50   -58
2024 135  6 55   -60
2024 135  7  0   -59
2024 135  7  5   -56
2024 135  7 10   -55
2024 135  7 15   -55
2024 135  7 20   -57
2024 135  7 25   -57
2024 135  7 30   -57
2024 135  7 35   -55
2024 135  7 40   -55
2024 135  7 45   -57
2024 135  7 50   -57
2024 135  7 55   -57
2024 135  8  0   -57
2024 135  8  5   -57
2024 135  8 10   -57
2024 135  8 15   -58
2024 135  8 20   -57
2024 135  8 25   -59
2024 135  8 30   -60
2024 135  8 35   -59
2024 135  8 40   -58
2024 135  8 45   -58
2024 135  8 50   -58
2024 135  8 55   -59
2024 135  9  0   -59
2024 135  9  5   -59
2024 135  9 10   -59
2024 135  9 15   -59
2024 135  9 20   -60
2024 135  9 25   -62
2024 135  9 30   -62
2024 135  9 35   -60
2024 135  9 40   -58
2024 135  9 45   -58
2024 135  9 50   -59
2024 135  9 55   -60
2024 135 10  0   -60
2024 135 10  5   -60
2024 135 10 10   -59
2024 135 10 15   -59
2024 135 10 20   -59
2024 135 10 25   -59
2024 135 10 30   -59
2024 135 10 35   -59
2024 135 10 40   -59
2024 135 10 45   -59
2024 135 10 50   -58
2024 135 10 55   -56
2024 135 11  0   -55
2024 135 11  5   -56
2024 135 11 10   -56
2024 135 11 15   -57
2024 135 11 20   -59
2024 135 11 25   -60
2024 135 11 30   -60
2024 135 11 35   -61
2024 135 11 40   -63
2024 135 11 45   -63
2024 135 11 50   -63
2024 135 11 55   -63
2024 135 12  0   -62
2024 135 12  5   -63
2024 135 12 10   -62
2024 135 12 15   -62
2024 135 12 20   -62
2024 135 12 25   -61
2024 135 12 30   -61
2024 135 12 35   -61
2024 135 12 40   -61
2024 135 12 45   -61
2024 135 12 50   -60
2024 135 12 55   -61
2024 135 13  0   -61
2024 135 13  5   -61
2024 135 13 10   -59
2024 135 13 15   -59
2024 135 13 20   -59
2024 135 13 25   -58
2024 135 13 30   -58
2024 135 13 35   -58
2024 135 13 40   -58
2024 135 13 45   -58
2024 135 13 50   -58
2024 135 13 55   -59
2024 135 14  0   -58
2024 135 14  5   -58
2024 135 14 10   -57
2024 135 14 15   -58
2024 135 14 20   -58
2024 135 14 25   -58
2024 135 14 30   -57
2024 135 14 35   -57
2024 135 14 40   -57
2024 135 14 45   -57
2024 135 14 50   -56
2024 135 14 55   -56
2024 135 15  0   -55
2024 135 15  5   -55
2024 135 15 10   -54
2024 135 15 15   -54
2024 135 15 20   -54
2024 135 15 25   -55
2024 135 15 30   -55
2024 135 15 35   -54
2024 135 15 40   -53
2024 135 15 45   -53
2024 135 15 50   -52
2024 135 15 55   -52
2024 135 16  0   -50
2024 135 16  5   -49
2024 135 16 10   -49
2024 135 16 15   -49
2024 135 16 20   -50
2024 135 16 25   -49
2024 135 16 30   -51
2024 135 16 35   -51
2024 135 16 40   -51
2024 135 16 45   -51
2024 135 16 50   -53
2024 135 16 55   -53
2024 135 17  0   -52
2024 135 17  5   -51
2024 135 17 10   -51
2024 135 17 15   -50
2024 135 17 20   -50
2024 135 17 25   -50
2024 135 17 30   -50
2024 135 17 35   -50
2024 135 17 40   -49
2024 135 17 45   -49
2024 135 17 50   -48
2024 135 17 55   -49
2024 135 18  0   -48
2024 135 18  5   -49
2024 135 18 10   -50
2024 135 18 15   -50
2024 135 18 20   -50
2024 135 18 25   -50
2024 135 18 30   -51
2024 135 18 35   -51
2024 135 18 40   -50
2024 135 18 45   -51
2024 135 18 50   -50
2024 135 18 55   -47
2024 135 19  0   -46
2024 135 19  5   -47
2024 135 19 10   -47
2024 135 19 15   -49
2024 135 19 20   -48
2024 135 19 25   -48
2024 135 19 30   -46
2024 135 19 35   -46
2024 135 19 40   -48
2024 135 19 45   -47
2024 135 19 50   -46
2024 135 19 55   -45
2024 135 20  0   -45
2024 135 20  5   -45
2024 135 20 10   -45
2024 135 20 15   -44
2024 135 20 20   -44
2024 135 20 25   -43
2024 135 20 30   -43
2024 135 20 35   -43
2024 135 20 40   -43
2024 135 20 45   -43
2024 135 20 50   -43
2024 135 20 55   -42
2024 135 21  0   -42
2024 135 21  5   -43
2024 135 21 10   -43
2024 135 21 15   -41
2024 135 21 20   -42
2024 135 21 25   -42
2024 135 21 30   -42
2024 135 21 35   -43
2024 135 21 40   -43
2024 135 21 45   -43
2024 135 21 50   -43
2024 135 21 55   -43
2024 135 22  0   -42
2024 135 22  5   -43
2024 135 22 10   -43
2024 135 22 15   -43
2024 135 22 20   -43
2024 135 22 25   -43
2024 135 22 30   -44
2024 135 22 35   -44
2024 135 22 40   -44
2024 135 22 45   -45
2024 135 22 50   -45
2024 135 22 55   -46
2024 135 23  0   -46
2024 135 23  5   -46
2024 135 23 10   -46
2024 135 23 15   -47
2024 135 23 20   -47
2024 135 23 25   -48
2024 135 23 30   -48
2024 135 23 35   -49
2024 135 23 40   -49
2024 135 23 45   -49
2024 135 23 50   -49
2024 135 23 55   -49
2024 136  0  0   -48
2024 136  0  5   -47
2024 136  0 10   -48
2024 136  0 15   -49
2024 136  0 20   -49
2024 136  0 25   -50
2024 136  0 30   -50
2024 136  0 35   -50
2024 136  0 40   -50
2024 136  0 45   -50
2024 136  0 50   -50
2024 136  0 55   -50
2024 136  1  0   -51
2024 136  1  5   -51
2024 136  1 10   -51
2024 136  1 15   -51
2024 136  1 20   -51
2024 136  1 25   -51
2024 136  1 30   -51
2024 136  1 35   -50
2024 136  1 40   -50
2024 136  1 45   -50
2024 136  1 50   -50
2024 136  1 55   -50
2024 136  2  0   -49
2024 136  2  5   -50
2024 136  2 10   -50
2024 136  2 15   -50
2024 136  2 20   -50
2024 136  2 25   -49
2024 136  2 30   -49
2024 136  2 35   -49
2024 136  2 40   -49
2024 136  2 45   -49
2024 136  2 50   -49
2024 136  2 55   -49
2024 136  3  0   -48
2024 136  3  5   -48
2024 136  3 10   -48
2024 136  3 15   -48
2024 136  3 20   -47
2024 136  3 25   -47
2024 136  3 30   -47
2024 136  3 35   -47
2024 136  3 40   -47
2024 136  3 45   -46
2024 136  3 50   -45
2024 136  3 55   -45
2024 136  4  0   -45
2024 136  4  5   -44
2024 136  4 10   -43
2024 136  4 15   -43
2024 136  4 20   -43
2024 136  4 25   -42
2024 136  4 30   -40
2024 136  4 35   -40
2024 136  4 40   -40
2024 136  4 45   -40
2024 136  4 50   -40
2024 136  4 55   -40
2024 136  5  0   -40
2024 136  5  5   -40
2024 136  5 10   -41
2024 136  5 15   -41
2024 136  5 20   -41
2024 136  5 25   -42
2024 136  5 30   -43
2024 136  5 35   -44
2024 136  5 40   -42
2024 136  5 45   -40
2024 136  5 50   -39
2024 136  5 55   -39
2024 136  6  0   -39
2024 136  6  5   -40
2024 136  6 10   -40
2024 136  6 15   -41
2024 136  6 20   -42
2024 136  6 25   -42
2024 136  6 30   -44
2024 136  6 35   -46
2024 136  6 40   -48
2024 136  6 45   -49
2024 136  6 50   -49
2024 136  6 55   -49
2024 136  7  0   -50
2024 136  7  5   -50
2024 136  7 10   -49
2024 136  7 15   -49
2024 136  7 20   -49
2024 136  7 25   -50
2024 136  7 30   -50
2024 136  7 35   -50
2024 136  7 40   -49
2024 136  7 45   -47
2024 136  7 50   -48
2024 136  7 55   -45
2024 136  8  0   -46
2024 136  8  5   -46
2024 136  8 10   -47
2024 136  8 15   -47
2024 136  8 20   -47
2024 136  8 25   -46
2024 136  8 30   -45
2024 136  8 35   -44
2024 136  8 40   -43
2024 136  8 45   -41
2024 136  8 50   -41
2024 136  8 55   -42
2024 136  9  0   -42
2024 136  9  5   -42
2024 136  9 10   -43
2024 136  9 15   -43
2024 136  9 20   -44
2024 136  9 25   -44
2024 136  9 30   -44
2024 136  9 35   -42
2024 136  9 40   -42
2024 136  9 45   -42
2024 136  9 50   -41
2024 136  9 55   -40
2024 136 10  0   -40
2024 136 10  5   -40
2024 136 10 10   -41
2024 136 10 15   -43
2024 136 10 20   -44
2024 136 10 25   -45
2024 136 10 30   -46
2024 136 10 35   -47
2024 136 10 40   -47
2024 136 10 45   -48
2024 136 10 50   -49
2024 136 10 55   -50
2024 136 11  0   -50
2024 136 11  5   -51
2024 136 11 10   -51
2024 136 11 15   -52
2024 136 11 20   -52
2024 136 11 25   -51
2024 136 11 30   -51
2024 136 11 35   -51
2024 136 11 40   -50
2024 136 11 45   -48
2024 136 11 50   -49
2024 136 11 55   -49
2024 136 12  0   -50
2024 136 12  5   -50
2024 136 12 10   -51
2024 136 12 15   -52
2024 136 12 20   -52
2024 136 12 25   -53
2024 136 12 30   -53
2024 136 12 35   -54
2024 136 12 40   -55
2024 136 12 45   -55
2024 136 12 50   -55
2024 136 12 55   -54
2024 136 13  0   -54
2024 136 13  5   -53
2024 136 13 10   -52
2024 136 13 15   -52
2024 136 13 20   -52
2024 136 13 25   -50
2024 136 13 30   -50
2024 136 13 35   -48
2024 136 13 40   -48
2024 136 13 45   -47
2024 136 13 50   -47
2024 136 13 55   -47
2024 136 14  0   -47
2024 136 14  5   -48
2024 136 14 10   -49
2024 136 14 15   -50
2024 136 14 20   -50
2024 136 14 25   -51
2024 136 14 30   -52
2024 136 14 35   -55
2024 136 14 40   -57
2024 136 14 45   -57
2024 136 14 50   -56
2024 136 14 55   -54
2024 136 15  0   -53
2024 136 15  5   -53
2024 136 15 10   -53
2024 136 15 15   -52
2024 136 15 20   -50
2024 136 15 25   -49
2024 136 15 30   -49
2024 136 15 35   -48
2024 136 15 40   -48
2024 136 15 45   -48
2024 136 15 50   -48
2024 136 15 55   -48
2024 136 16  0   -48
2024 136 16  5   -48
2024 136 16 10   -49
2024 136 16 15   -49
2024 136 16 20   -49
2024 136 16 25   -48
2024 136 16 30   -48
2024 136 16 35   -49
2024 136 16 40   -49
2024 136 16 45   -49
2024 136 16 50   -49
2024 136 16 55   -49
2024 136 17  0   -49
2024 136 17  5   -49
2024 136 17 10   -49
2024 136 17 15   -49
2024 136 17 20   -49
2024 136 17 25   -48
2024 136 17 30   -48
2024 136 17 35   -48
2024 136 17 40   -48
2024 136 17 45   -48
2024 136 17 50   -47
2024 136 17 55   -47
2024 136 18  0   -47
2024 136 18  5   -46
2024 136 18 10   -46
2024 136 18 15   -46
2024 136 18 20   -45
2024 136 18 25   -45
2024 136 18 30   -42
2024 136 18 35   -34
2024 136 18 40   -31
2024 136 18 45   -33
2024 136 18 50   -34
2024 136 18 55   -35
2024 136 19  0   -36
2024 136 19  5   -36
2024 136 19 10   -38
2024 136 19 15   -39
2024 136 19 20   -40
2024 136 19 25   -41
2024 136 19 30   -40
2024 136 19 35   -40
2024 136 19 40   -40
2024 136 19 45   -41
2024 136 19 50   -41
2024 136 19 55   -41
2024 136 20  0   -42
2024 136 20  5   -42
2024 136 20 10   -42
2024 136 20 15   -44
2024 136 20 20   -42
2024 136 20 25   -40
2024 136 20 30   -41
2024 136 20 35   -40
2024 136 20 40   -40
2024 136 20 45   -40
2024 136 20 50   -42
2024 136 20 55   -45
2024 136 21  0   -46
2024 136 21  5   -48
2024 136 21 10   -49
2024 136 21 15   -50
2024 136 21 20   -50
2024 136 21 25   -51
2024 136 21 30   -51
2024 136 21 35   -52
2024 136 21 40   -51
2024 136 21 45   -51
2024 136 21 50   -52
2024 136 21 55   -52
2024 136 22  0   -52
2024 136 22  5   -53
2024 136 22 10   -53
2024 136 22 15   -54
2024 136 22 20   -54
2024 136 22 25   -56
2024 136 22 30   -56
2024 136 22 35   -56
2024 136 22 40   -57
2024 136 22 45   -57
2024 136 22 50   -57
2024 136 22 55   -57
2024 136 23  0   -57
2024 136 23  5   -57
2024 136 23 10   -57
2024 136 23 15   -57
2024 136 23 20   -58
2024 136 23 25   -58
2024 136 23 30   -57
2024 136 23 35   -57
2024 136 23 40   -58
2024 136 23 45   -59
2024 136 23 50   -60
2024 136 23 55   -60
